1 0.54765625 0.171875 0.82265625 0.05078125
0 0.5515625 0.22890625 0.82265625 0.0484375
1 0.5515625 0.28203125 0.82890625 0.053125
3 0.54921875 0.33828125 0.81875 0.053125
1 0.5546875 0.39375 0.82265625 0.0484375
2 0.5578125 0.4484375 0.82265625 0.05078125
2 0.5546875 0.50234375 0.815625 0.053125
3 0.5546875 0.559375 0.815625 0.0453125
4 0.5515625 0.609375 0.815625 0.0484375
4 0.5578125 0.6625 0.815625 0.053125
4 0.5609375 0.71953125 0.82265625 0.05078125
3 0.5609375 0.77578125 0.815625 0.053125
4 0.5578125 0.8328125 0.815625 0.0453125
4 0.5609375 0.88359375 0.82265625 0.0453125
4 0.5578125 0.93984375 0.815625 0.05546875