0 0.5421875 0.16953125 0.8203125 0.06015625
3 0.54375 0.22734375 0.81015625 0.05
2 0.54375 0.28203125 0.81015625 0.05
2 0.5453125 0.334375 0.81328125 0.0453125
0 0.540625 0.384375 0.81015625 0.05
1 0.5453125 0.43984375 0.81328125 0.05
3 0.5421875 0.49609375 0.81328125 0.05234375
2 0.540625 0.54921875 0.81640625 0.05
4 0.540625 0.60078125 0.8296875 0.05234375
0 0.5390625 0.6546875 0.8203125 0.05
1 0.5484375 0.7140625 0.81328125 0.05
1 0.546875 0.76796875 0.80390625 0.04765625
4 0.5421875 0.81796875 0.81328125 0.0421875
3 0.553125 0.87265625 0.81015625 0.05234375
1 0.55 0.93125 0.81640625 0.05