1 0.5125 0.115625 0.909375 0.05625
3 0.51953125 0.17734375 0.909375 0.053125
2 0.51953125 0.23359375 0.915625 0.053125
0 0.51953125 0.29296875 0.92265625 0.05078125
1 0.515625 0.3453125 0.909375 0.0484375
0 0.5140625 0.40234375 0.90625 0.05625
3 0.5125 0.46015625 0.90234375 0.05625
2 0.5171875 0.51875 0.91953125 0.0609375
1 0.5171875 0.5796875 0.9125 0.05078125
0 0.5125 0.63515625 0.915625 0.0609375
2 0.52109375 0.69765625 0.91953125 0.0484375
3 0.5171875 0.74609375 0.91953125 0.0484375
1 0.515625 0.80625 0.909375 0.06328125
0 0.5171875 0.86484375 0.9125 0.0484375
0 0.51953125 0.9265625 0.915625 0.065625