4 0.51171875 0.121875 0.93359375 0.06328125
4 0.51171875 0.18203125 0.940625 0.0515625
4 0.51171875 0.23984375 0.940625 0.05390625
4 0.51171875 0.2984375 0.9203125 0.04921875
4 0.51171875 0.3546875 0.9203125 0.05390625
4 0.51015625 0.4140625 0.9234375 0.05625
4 0.515625 0.47421875 0.92734375 0.05390625
4 0.51875 0.52890625 0.92734375 0.04609375
4 0.515625 0.5828125 0.91328125 0.0515625
4 0.5171875 0.640625 0.9171875 0.04921875
4 0.51328125 0.6953125 0.93046875 0.05625
4 0.50859375 0.7578125 0.91328125 0.05390625
4 0.5171875 0.81640625 0.91015625 0.05390625
4 0.51875 0.87109375 0.93359375 0.04609375
4 0.52578125 0.9296875 0.90703125 0.0515625